Main script launched. Waiting for output...
Collecting data from network path and rebuilding local folders.
Parameter start index, Parameter definition
0, arc-wise translational state of (FUNcube-1).
6, absolute arc-wise observation bias for observable: (OneWayDoppler) and link ends: (transmitter: (FUNcube-1); receiver: (Earth, DopTrackStation))
37, arc-wise time drift observation bias for observable: (OneWayDoppler) and link ends: (transmitter: (FUNcube-1); receiver: (Earth, DopTrackStation))
68, arc-wise drag coefficient of (FUNcube-1).

Calculating residuals and partials 17624
Current residual: 148.862
Parameter update   -11423.5     -435.77     16269.1    -1.14709      55.251    -3.75237    -7.22381    -35.5978     -23.768      5.6262     2.08582     3.87134    -56.8037    -14.1665     24.1337     -11.909     -16.472     8.09687    -12.1533     27.2422    -33.6532    -17.5071    -65.6361     9.33032      25.462    -38.3166     -16.851    -70.1085    -3.93068     21.3442    -21.7912    -59.6685     14.4157 -0.00491732    -33.5955    -20.4421     22.9705   0.0998174    0.109718    0.110762  -0.0543655  -0.0804401    0.045081    0.152634   0.0760659   -0.113941  -0.0651408    0.146682   0.0141794    0.022609   -0.124052    0.145949   0.0722156    0.191475   0.0123837   -0.135869    0.151999   0.0619734    0.207294 -0.00741892   -0.123451    0.126094    0.152967  -0.0392118   -0.113677    0.131616   0.0765632  -0.0961614    -17.1584     1.78809      6.7382    -8.35084     3.18028     2.19029     2.51948
Calculating residuals and partials 17624
Current residual: 342.067
Parameter update   -1601.51     3006.15     1960.72     5.56909    -9.87667    -3.16507    -24.4218    -63.5889     1.14202     1.96074    -32.4112    -14.8014    -25.1396     7.54837      11.697    -14.3558     7.32149    -6.22867     25.6426     10.5833     12.7139    -1.45083    -9.11986     36.8324      2.9806     12.0779    -8.45085    -9.80925     34.8004    -7.01103    0.155338    -21.5049     20.3861    -22.8645    -28.3474    -2.72801    -18.7943   0.0828911    0.184825  -0.0250788  0.00539909     0.13142   0.0324935   0.0440644  -0.0598331  -0.0311625   0.0795238  -0.0260255  -0.0145925  -0.0963747  -0.0206765    -0.03304  -0.0150961 -0.00576361   -0.136857   0.0229438  -0.0266148   0.0124837  0.00102911   -0.107593   0.0493191   0.0056561   0.0470359  -0.0467127   0.0920061   0.0742394  -0.0182207   0.0565049    -6.13369      2.6905     2.67779    -3.75324    0.164194    -2.57004   -0.759883
Calculating residuals and partials 17624
Current residual: 28.9508
Parameter update    680.361    -3529.43    -2226.12    -6.27856     11.7257     3.34691     22.1877     69.8163      -2.167     -8.1355     31.9327     24.3155     31.3826    -9.99918    -18.2868     11.4185    -8.68426     12.5431    -30.2161    -14.6605    -12.1666     10.6906      13.548    -38.4092   -0.917109    -11.2038     15.9391     13.9531    -35.0742     7.52165    0.278094      26.485    -19.3183     26.0318     31.3799     7.09192     27.1506  -0.0968887   -0.208118   0.0409034   0.0192481   -0.130456   -0.054438  -0.0496118   0.0755926   0.0472196  -0.0786045   0.0256364 -0.00917506    0.112615    0.027057   0.0334323 -0.00619824  0.00538923    0.170461  -0.0282749   0.0276966  -0.0275721 -0.00550948    0.111174  -0.0580523 -0.00732975  -0.0602741   0.0441712   -0.108738   -0.083082  0.00651528  -0.0852118    -7.76389    0.395168   -0.540997   -0.352312     2.06968     2.23037     3.40088
Calculating residuals and partials 17624
Current residual: 30.2523
Parameter update    -77.3501      66.1691      8.68484    0.0757462    -0.173866   -0.0309349      -1.3355     -1.26072      0.69418      1.35095     0.113725      1.57281      0.23535    -0.296316   -0.0864646    -0.707283    0.0283504    -0.131977     0.149353    0.0962234     0.406032     0.339464    0.0608255      0.25241    -0.200329      0.25619     0.116358   -0.0134961     0.119404    -0.511474     0.170093   -0.0115828    0.0626002     -0.67858    -0.358563     0.141077     0.235081  0.000446286   0.00124064  -0.00105152  -0.00145663   0.00281509   -0.0022823   0.00046423 -0.000169229  -0.00118434   0.00180552 -0.000408064 -0.000522394 -0.000861884  -0.00033277 -0.000539413 -0.000700339 -0.000248803  -0.00119133  0.000794459 -0.000455686 -0.000555082  -0.00044977 -0.000807811   0.00141265 -0.000439533 -0.000401559 -0.000601028   0.00166007  -0.00033725   -0.0010586 -0.000549672     -4.19328      1.60986    -0.412632   -0.0101567    0.0500278    -0.359165      2.83163
Calculating residuals and partials 17624
Current residual: 15.6809
Parameter update    -6.95648     -6.56892      -24.969   -0.0319305    0.0111611   0.00412181    -0.446746   -0.0373775      0.55342      0.74583     0.439976      1.02831     0.314542    -0.233242    -0.328711      -0.2466   -0.0346532    0.0515327   -0.0270601 -0.000933355     0.122755     0.182542    0.0528143    -0.220601    -0.241249   -0.0813001   -0.0751514   -0.0496075    -0.361084    -0.252078    0.0670663      0.12845    -0.195188   -0.0970297     -0.32322    -0.382542    -0.140825 -0.000244461 -0.000643227 -0.000494068 -0.000307181  0.000339961  -0.00137184  0.000174724  0.000480433  0.000203521  6.18491e-05  0.000146221  0.000174088  0.000431224   0.00037694  0.000140519  0.000150383  0.000332714  0.000126253  0.000168524  0.000156112  0.000151788  0.000125049  0.000685582  0.000194638  2.26222e-05 -8.33253e-05  0.000204241 -0.000202708 -0.000242084  0.000514467 -0.000311472     -2.47742      1.09795    -0.518453     0.188906    0.0922164    -0.505057      2.67371
Calculating residuals and partials 17624
Current residual: 15.674
Parameter update    -1.35134      6.13821      -7.4749   -0.0021261   -0.0214286  -0.00107543    -0.469308    -0.333265     0.265282     0.367529     0.136706     0.356463    0.0368755    -0.231079    -0.272154    -0.264148   -0.0621281   -0.0987845    0.0468563    0.0245455     0.090252    0.0643322  -0.00746361   -0.0346533    -0.136331   -0.0202843   -0.0771491   -0.0548538    -0.067469    -0.110411    0.0992409    0.0965462    0.0281208   -0.0577094    -0.292066   -0.0925835    0.0424882  0.000319372  0.000283516 -0.000295191 -0.000119799  0.000505045 -0.000416471  0.000169002  0.000238636  2.36506e-05   0.00026306  4.54385e-05  0.000176624 -3.01112e-05  0.000147411 -4.07064e-06  9.04279e-05  0.000147748 -0.000401678  0.000137842  2.11713e-05  0.000153023  8.42839e-05  6.83376e-05  0.000233448  9.81286e-05    0.0001285  1.44863e-05  0.000225044  0.000141731   0.00013984  0.000121566     -1.51501     0.736916    -0.366802     0.143813    0.0699641    -0.447369      2.52533
Calculating residuals and partials 17624
Current residual: 15.6702
Parameter update    0.343924      4.36566     -6.08994  -0.00184403   -0.0164838  -0.00298239    -0.288081    -0.217708     0.162758     0.235537    0.0855831     0.215761   0.00834238    -0.153232     -0.17015    -0.170001   -0.0361843   -0.0653782    0.0346292    0.0221971    0.0590659    0.0319268   -0.0156128   -0.0215644   -0.0921344   -0.0206644   -0.0738085   -0.0507636   -0.0514901   -0.0772376    0.0802192     0.078288    0.0338704   -0.0342155    -0.290555   -0.0862707    0.0539665  0.000220553  0.000235932 -0.000195374 -0.000107941  0.000310962 -0.000226724   0.00014525  0.000145816 -1.45612e-05   0.00016685  4.40035e-05  0.000165526 -3.82094e-05  7.78212e-05   1.4906e-05  0.000117685  0.000134909 -0.000332028   7.4967e-05  3.65185e-05  0.000168344  8.95666e-05  4.04042e-05  0.000153574  0.000108183  0.000140193 -7.38622e-06  0.000150754  0.000160916  0.000126504  7.41202e-05     -0.94464     0.469459    -0.242381     0.094022    0.0749735     -0.41895       2.3778
Calculating residuals and partials 17624
Current residual: 15.6675
Parameter update    0.355742      2.94623     -5.13123  -0.00155694   -0.0131539  -0.00486023    -0.181375    -0.149644    0.0986083     0.152619    0.0532201     0.135329  -0.00560633    -0.100604    -0.104185    -0.109573   -0.0209511    -0.046775    0.0223433    0.0136398    0.0395709    0.0138013   -0.0186166   -0.0111025     -0.06143   -0.0193677   -0.0694429   -0.0475594   -0.0454756   -0.0603297    0.0671295    0.0662878    0.0391342    -0.018178    -0.279866   -0.0799782    0.0592904  0.000158519  0.000201064 -0.000131654 -9.66972e-05  0.000193779 -0.000121065  0.000128079  8.43422e-05 -3.38134e-05  0.000108557  4.05263e-05  0.000152109  -4.1035e-05  4.01201e-05  2.40201e-05  0.000127101  0.000123928 -0.000264071  4.27333e-05   4.2091e-05  0.000168151  8.77883e-05  2.79607e-05  0.000106202  0.000108489  0.000140821 -2.00107e-05  0.000107543  0.000164109  0.000114651  4.53405e-05    -0.594178     0.296107    -0.152618    0.0504645    0.0866766    -0.399271       2.2369
Calculating residuals and partials 17624
Current residual: 15.6653
Parameter update   -0.175232      1.86686     -4.47549  -0.00135474   -0.0108159  -0.00637998    -0.115846    -0.107121    0.0587373      0.10047    0.0329972     0.087148   -0.0127566   -0.0664277    -0.062492   -0.0711947    -0.011942   -0.0358358    0.0130662    0.0060898    0.0276113   0.00408222   -0.0191261  -0.00364706   -0.0405329   -0.0179502   -0.0653485   -0.0449963   -0.0436058   -0.0512979    0.0575434    0.0576916    0.0423402  -0.00764409    -0.266288   -0.0748755     0.060297  0.000118793  0.000175622 -9.09346e-05 -8.70886e-05  0.000121491 -5.92636e-05  0.000115301  4.54904e-05 -4.33327e-05  7.22286e-05  3.73302e-05  0.000140336 -4.11094e-05  1.86457e-05  2.85003e-05  0.000128552  0.000115464 -0.000208241  2.53098e-05   4.3808e-05  0.000162618  8.38743e-05  2.30661e-05  7.69715e-05  0.000105495  0.000137337  -2.6752e-05  8.08919e-05  0.000161162  0.000105757  2.81508e-05    -0.376094     0.185638   -0.0921614    0.0181748    0.0968716    -0.382187      2.10418
Calculating residuals and partials 17624
Current residual: 15.6635
Maximum number of iterations reached
Parameter update   -0.723829      1.10791     -3.99821   -0.0012055  -0.00915504  -0.00737561   -0.0750106   -0.0799012    0.0339317    0.0674692    0.0203218     0.057533   -0.0163557   -0.0444407   -0.0363077   -0.0468363  -0.00654812   -0.0290346   0.00669854  0.000644847    0.0201509  -0.00113663    -0.018609    0.0013075   -0.0266443   -0.0166869   -0.0615778   -0.0427185   -0.0428218   -0.0458889    0.0504475    0.0513504     0.043828 -0.000879644    -0.251946   -0.0704138    0.0591933  9.27709e-05  0.000156477 -6.47874e-05 -7.91715e-05  7.64828e-05 -2.25649e-05  0.000105226  2.12792e-05 -4.75984e-05  4.93308e-05    3.452e-05  0.000130086 -3.99857e-05  6.16859e-06  3.03697e-05  0.000125992   0.00010827 -0.000166331  1.54988e-05  4.35804e-05  0.000154954  7.92725e-05  2.11035e-05  5.84308e-05    0.0001011  0.000131933 -3.00811e-05  6.39034e-05   0.00015537  9.84907e-05  1.76826e-05    -0.239437     0.115576   -0.0527036  -0.00371993     0.103219    -0.365385      1.97977
Final residual: 15.6635

==============================
RUNNING CHUNK 1
Indices: [0, 1, 2, 3, 4, 5, 6, 7, 8, 9, 10, 11, 12, 13, 14, 15, 16, 17, 18, 19, 20, 21, 22, 23, 24, 25, 26, 27, 28, 29, 30]
==============================

arc_start_times [631731508.7500086]
arc_end_times [632294455.5000007]
arc_pass_indices = [[0, 1, 2, 3, 4, 5, 6, 7, 8, 9, 10, 11, 12, 13, 14, 15, 16, 17, 18, 19, 20, 21, 22, 23, 24, 25, 26, 27, 28, 29, 30]]
Applying Cd a-priori constraint
Cd type: per_day
Cd start index: 68
Number of Cd parameters: 7
Parameter start index, Parameter definition
0, arc-wise translational state of (FUNcube-1).
6, absolute arc-wise observation bias for observable: (OneWayDoppler) and link ends: (transmitter: (FUNcube-1); receiver: (Earth, DopTrackStation))
40, arc-wise time drift observation bias for observable: (OneWayDoppler) and link ends: (transmitter: (FUNcube-1); receiver: (Earth, DopTrackStation))
74, arc-wise drag coefficient of (FUNcube-1).

Calculating residuals and partials 19175
Current residual: 145.032
Parameter update   13259.6   -3363.16    16336.9    39.5707   -38.3933    5.06843   -32.8845   -1.75074   -48.0811    10.8863    32.2807   -21.7086   -17.8236   -12.9174   -68.7616    14.4411    33.0483   -41.7113   -43.9764   -37.3603   0.138296    36.7993   -55.3004   -55.3477    28.1732   -33.1971   -74.8521    12.2038    28.5599    25.6248   -54.0118   -80.7092   -11.1507     47.887   0.667187   -52.3271   -30.8701   -84.6528    6.05662    39.0871   0.189739  0.0269241   0.149524 -0.0278275  -0.155057 -0.0498118   0.157222  0.0498339   0.178327 -0.0701415  -0.156031 -0.0792023   0.172062   0.118485 -0.0748389  -0.215934   0.175643   0.137857  -0.122217   0.144673   0.234118 -0.0389118  -0.161319  -0.172148   0.165077   0.209018 -0.0310505  -0.226447  -0.156369   0.241317   0.133556   0.240838  -0.084871  -0.201057   -28.1315    6.02555   -1.30967      5.912   -11.2196     2.3694    19.4258
Calculating residuals and partials 19175
Current residual: 362.633
Parameter update     2673.71         6575      3061.83      2.62608    -0.370147      4.15045     -20.0181     -64.0395     -35.0139      -13.366     -6.65087       11.472     -21.3436     -31.1084     -19.1624     -3.80176      18.7985       18.112     -2.27999     -10.5513      10.7124      36.8336      4.05302     -7.01051      14.7158      5.03085     -9.34759       5.2932      18.5327      25.1756     -6.66171     -18.2822      1.98325      8.46107      16.4919     -9.46347     -34.4465     -31.2377     -14.3732     -12.6432    0.0328236     0.204288     0.107721    0.0695072    0.0468729   -0.0169753    0.0238957    0.0537313    0.0407207    0.0269704   -0.0378168   -0.0445847   -0.0264751   0.00497839  -0.00639734   -0.0878588   -0.0399509 -0.000864298   -0.0206267   -0.0471885 -0.000683884  -0.00325279   -0.0303604   -0.0479676 -0.000915676    0.0379537    0.0215048     0.011906   -0.0206779    0.0102277     0.090261     0.076857    0.0627847    0.0655412     0.543386       3.3078     -3.67385       2.0386    -0.540963     -1.59952      4.22994
Calculating residuals and partials 19175
Current residual: 24.8832
Parameter update   -6051.14       -7779    -3436.59    -2.87436   -0.161463    -7.08516     18.1474      70.631     36.3771     10.8486     4.06248    -12.7855     24.1816     39.6241     19.4877    -3.02634    -25.9963    -23.3732     4.08779     14.6183    -13.2459    -38.9436    -1.77392     8.23619    -19.8193    -1.56317     10.0157     -4.1855    -16.9799    -25.8748     13.5302     20.2194   -0.345935     -5.9943    -18.6494     10.3111     39.5105      31.879     19.2659     21.0485   -0.037544     -0.2381   -0.107328  -0.0564777  -0.0368851   0.0227559  -0.0300008  -0.0722425   -0.033135   -0.013982   0.0454862   0.0507436   0.0221719   -0.010325   0.0154201   0.0895227   0.0343036 0.000748856   0.0267674   0.0389288   0.0043494  0.00259802   0.0258214   0.0473017   -0.011446   -0.036564   -0.026028  -0.0248873   0.0220247  -0.0136584   -0.106664  -0.0779084  -0.0692394  -0.0812952    -16.8255     4.46228    -1.87501     3.07556    -2.76857    0.777742      16.731
Calculating residuals and partials 19175
Current residual: 28.447
Parameter update    -299.407      -102.62     -63.8233   -0.0819881    0.0128306    -0.287297     -2.66255      -3.5929     -1.56388      1.00956      1.42239      1.17572      1.02725     0.447493     -0.17728     -1.83573      -2.1606     -1.46969    -0.178906    -0.178721     0.177244    0.0495083     0.173129    -0.187807     -1.42926   -0.0110497    -0.179776   -0.0088541    -0.113851   -0.0431922      1.08797     0.366188    0.0162999    -0.498471    -0.402313    -0.988742      -1.7963     -1.00641   -0.0158592     0.965658   0.00150439   0.00324737   0.00164766  0.000453311  0.000616941  0.000638485 -0.000854397  0.000600615  0.000983917   0.00177014   0.00142674  0.000865142  0.000220184  0.000870618  0.000726895   0.00146498 -1.37648e-05  0.000585095   0.00142045  3.51382e-05  0.000847964  0.000800456   0.00115258  0.000839864  4.45574e-05   0.00157055  0.000861143   0.00173354  0.000976939   4.8308e-05  0.000555314  -0.00130453   0.00114612   0.00143022     -9.14272      4.36881     -2.70312      1.82889    -0.572537     -2.02874      13.5078
Calculating residuals and partials 19175
Current residual: 17.5422
Parameter update     2.56765     -17.8791     -87.2607   -0.0821195   -0.0325133   -0.0262958      -1.0701     -1.13356    -0.303414     0.970522      1.16448     0.802074     0.796089     0.384843    -0.046798     -1.05015     -1.37995    -0.981087   -0.0931745   -0.0394056     0.299874   0.00252348     0.077002    -0.134485     -1.00981    -0.469127    -0.285477       -0.468    -0.674062    -0.482061      0.48515     0.250921   -0.0965285    -0.483378    -0.520748     -1.11653     -1.86103    -0.893409    -0.467318     0.193981  0.000994174   0.00153075  0.000680869 -0.000428765 -5.99818e-05  0.000414291 -0.000117963   0.00105044  0.000937228  0.000741725  0.000949407  0.000708634   0.00104198    0.0014973  0.000204084   0.00149945   0.00103443    0.0013752  0.000915768   0.00136429  0.000689223  0.000916106   0.00114216  0.000747916   0.00114916   0.00137357  0.000471671   0.00089402  0.000785218  0.000834161   0.00123141  -0.00146515  0.000652015  0.000637112     -5.47304      2.90199     -1.89668      1.05748     0.125357      -2.1861      11.3768
Calculating residuals and partials 19175
Current residual: 17.4812
Parameter update      86.105      27.6244     -51.8186   -0.0473151    -0.030145    0.0591107    -0.868315     -1.19337    -0.459834     0.445968     0.561987     0.388554     0.262586   -0.0877215    -0.160872    -0.725614    -0.915861    -0.650535    -0.155259    -0.138312     0.242025    0.0849991      0.02047    -0.112901    -0.524448    -0.412563    -0.242001    -0.335596    -0.413787    -0.275517     0.415443     0.226275     0.272118    0.0404988    -0.105098    -0.832302     -1.45256    -0.713657    -0.124108     0.488361  0.000930488   0.00199991  0.000778423 -0.000220881 -3.79326e-05  0.000207045   0.00031609   0.00110762  0.000531756  0.000405432  0.000465018  0.000350997  0.000807583   0.00111096 -5.97058e-05   0.00068285  0.000816954   0.00104469  0.000360988   0.00108237  0.000387362  0.000543853  0.000574531  0.000358577   0.00109327   0.00129333 -0.000146734  0.000415222   0.00035057  0.000791026   0.00131834 -0.000841611  0.000407083  0.000446911     -3.33367      1.81914     -1.20084     0.552541     0.403098     -2.02414      9.61652
Calculating residuals and partials 19175
Current residual: 17.4435
Parameter update     104.826      43.8302     -38.4053   -0.0333939   -0.0316039    0.0837059    -0.560478    -0.796519    -0.308493     0.261077      0.35309     0.243061     0.153363    -0.100762    -0.127584    -0.466513    -0.567939    -0.409167    -0.132026     -0.13809     0.121009    0.0528891  -0.00076969   -0.0991183    -0.326066    -0.346721    -0.212348     -0.31799     -0.37213    -0.223794     0.323239     0.175429     0.270097     0.114122   -0.0241802     -0.70688     -1.24098    -0.616882    -0.107776     0.438769  0.000710542   0.00158558  0.000623032  -0.00014106 -9.41487e-05  6.16765e-05  0.000336007  0.000956528  0.000480303  0.000250018  0.000215916  0.000166735  0.000668205  0.000917857 -2.20531e-05  0.000315636  0.000695139  0.000910859  0.000220583  0.000906921   0.00031128  0.000481333  0.000443188  0.000194226  0.000936882    0.0011082 -0.000190783  0.000223521  0.000177128  0.000668463   0.00114058 -0.000690855  0.000324818  0.000263324     -2.06588      1.11982    -0.710545     0.239485     0.491377     -1.79508       8.1523
Calculating residuals and partials 19175
Current residual: 17.4184
Parameter update     108.021      49.3128     -29.2422   -0.0243332   -0.0303299    0.0913106    -0.374084    -0.553116    -0.217089     0.149265     0.223039     0.152994    0.0924299   -0.0961592    -0.100688    -0.303213    -0.354406    -0.260567     -0.11503    -0.133819    0.0414263    0.0241645   -0.0131292   -0.0863108      -0.2008    -0.287194     -0.18262    -0.286214    -0.324953    -0.182699     0.257169     0.139106     0.251058     0.142195    0.0164734    -0.600473     -1.05802    -0.529832   -0.0896875     0.391233  0.000556388   0.00127884  0.000506364 -9.06535e-05 -0.000113743 -1.30343e-05  0.000321393  0.000819106  0.000429158   0.00015436  7.87099e-05  6.50967e-05  0.000554811  0.000758816  5.75235e-06  0.000105638  0.000590469  0.000785663  0.000134516   0.00076298  0.000265423  0.000416361  0.000347727  0.000101034  0.000798748  0.000945001 -0.000199705  0.000114871  8.09187e-05  0.000564693  0.000978891 -0.000573933   0.00026147  0.000154168     -1.29599     0.684655      -0.4014    0.0554526     0.506108     -1.56627      6.92051
Calculating residuals and partials 19175
Current residual: 17.401
Parameter update     103.548      49.4145      -22.792   -0.0182355    -0.027929    0.0901785    -0.256675    -0.396172    -0.157934    0.0824802     0.142689    0.0976761    0.0567517   -0.0867138   -0.0803949    -0.200457    -0.222644    -0.168119    -0.100196    -0.124963   -0.0048532   0.00596716   -0.0186945   -0.0746049    -0.122869    -0.238482     -0.15643    -0.253014    -0.281702    -0.150843     0.207761     0.111889     0.225818     0.147614    0.0361056     -0.51034    -0.901627    -0.454003   -0.0750644     0.344025  0.000444334    0.0010458  0.000417065 -5.85252e-05 -0.000116667 -5.08553e-05  0.000293749  0.000699996  0.000379594  9.61356e-05  3.35946e-06  8.73043e-06  0.000463267  0.000631655  2.21497e-05 -1.07541e-05  0.000501658  0.000676017  8.21437e-05  0.000643917  0.000229246  0.000358802  0.000278624  4.70755e-05  0.000680326  0.000805461 -0.000191288  5.27793e-05  2.67905e-05  0.000477635   0.00083794 -0.000479542  0.000213849  8.89866e-05     -0.82279     0.417125     -0.21377   -0.0464066     0.485116     -1.35606      5.87976
Calculating residuals and partials 19175
Current residual: 17.3887
Maximum number of iterations reached
Parameter update     95.3384      46.6749     -18.1139   -0.0140107   -0.0250731    0.0845082    -0.181055    -0.292053    -0.118295    0.0429972     0.092747    0.0633823    0.0352539   -0.0764161    -0.065077    -0.135298     -0.14112    -0.110254   -0.0869055      -0.1135   -0.0293183  -0.00431751   -0.0203812   -0.0641263   -0.0746619    -0.199096    -0.133751    -0.221261    -0.243127    -0.125683     0.169973    0.0911711     0.199576     0.141862    0.0442315    -0.433871    -0.768078    -0.388324   -0.0631344     0.299578  0.000360403  0.000864202  0.000346694 -3.83475e-05 -0.000111407 -6.75898e-05  0.000261994  0.000597502  0.000332343  6.03079e-05 -3.60089e-05  -2.1101e-05  0.000388693  0.000528812  2.99189e-05 -7.11058e-05  0.000426378  0.000580348  4.99969e-05  0.000544679  0.000197702  0.000308314  0.000226764  1.63076e-05  0.000579298  0.000686354  -0.00017572  1.75088e-05 -2.88144e-06  0.000404588  0.000716084 -0.000402573  0.000176771  4.99786e-05    -0.529573     0.253333    -0.102614   -0.0979263     0.446793     -1.16849      4.99849
Final residual: 17.3887

==============================
RUNNING CHUNK 2
Indices: [31, 32, 33, 34, 35, 36, 37, 38, 39, 40, 41, 42, 43, 44, 45, 46, 47, 48, 49, 50, 51, 52, 53, 54, 55, 56, 57, 58, 59, 60, 61, 62, 63, 64]
==============================

arc_start_times [632332321.000005]
arc_end_times [632901133.7499704]
arc_pass_indices = [[31, 32, 33, 34, 35, 36, 37, 38, 39, 40, 41, 42, 43, 44, 45, 46, 47, 48, 49, 50, 51, 52, 53, 54, 55, 56, 57, 58, 59, 60, 61, 62, 63, 64]]
Applying Cd a-priori constraint
Cd type: per_day
Cd start index: 74
Number of Cd parameters: 7
Parameter start index, Parameter definition
0, arc-wise translational state of (FUNcube-1).
6, absolute arc-wise observation bias for observable: (OneWayDoppler) and link ends: (transmitter: (FUNcube-1); receiver: (Earth, DopTrackStation))
40, arc-wise time drift observation bias for observable: (OneWayDoppler) and link ends: (transmitter: (FUNcube-1); receiver: (Earth, DopTrackStation))
74, arc-wise drag coefficient of (FUNcube-1).

Calculating residuals and partials 19207
Current residual: 127.543
Parameter update   12896.8    939.785    15817.8    40.5503   -29.9405     5.5129   -31.4401   -35.9487    20.3327    30.3831     16.304   -55.4928   -82.0256     33.336    23.0695    7.68232   -55.9191   -12.4229    30.6059   -6.34307    7.36381    1.44317   -48.5181    2.60901    53.5525    -47.212    -40.929    10.3386    72.3791   -8.54294   -62.1253   -71.9833   -100.007    37.6887    50.6036   -54.5011   -57.2769   -69.7512    16.2777    40.5218    0.15387   0.112245  -0.111697  -0.162825  0.0664503   0.195204   0.250372  -0.182525  -0.187492  0.0626681   0.128997  -0.022504  -0.167263 -0.0902076  0.0785166  0.0115136   0.109175 -0.0800802  -0.234824   0.219962   0.134225  -0.133282  -0.294152  -0.197942   0.226617   0.198099   0.277709  -0.141178  -0.234184   0.195527   0.160783   0.216856  -0.100161  -0.186837    -1.4535     -4.644   -3.73069    3.34738    4.85285   -5.76077     5.7106
Calculating residuals and partials 19207
Current residual: 272.963
Parameter update   -2419.44     -4832.4     765.485     5.21956    -5.82012    -4.70791    -29.1339    -17.6465    -6.76466    -12.9915    -24.6521     4.42514     9.21285    -2.05463    0.157764    -20.0085     18.6041      9.4726     3.92465     4.46295    -14.3185     -8.6135     18.0529     9.64673     8.64997    -14.9943     2.07152     10.7563     7.26416     3.59791    -18.2378     7.80341      14.897    -4.15318    -0.35383    -27.6424    0.851092     6.93401    -20.0734    -16.4934   0.0960503   0.0490424   0.0366658   0.0397085    0.114669  -0.0297031  -0.0362378   0.0202653 -0.00801995   0.0389685  -0.0663579 -0.00869394 -5.7613e-05  -0.0260567   0.0267375  0.00721005  -0.0549382 -0.00307047  -0.0120436   0.0282364  -0.0189018 8.60679e-06 -0.00615179  -0.0160467   0.0401427  -0.0245345  -0.0336112   0.0436267   0.0132964   0.0598453  -0.0120341  -0.0170992   0.0714598   0.0451656     2.33962  -0.0856236      0.5692  -0.0621859     0.33088    -3.86032     1.47726
Calculating residuals and partials 19207
Current residual: 23.0776
Parameter update    356.604     4559.18    -723.964    -5.31926     5.67416     3.30919     31.2343     20.6383     8.23683     18.4076     29.5097    -2.94352    -8.64974     4.19573     3.03702     24.4149    -19.1809    -9.82765    -3.44342    -4.09936     15.8868     13.4988    -18.4654    -10.8222    -8.08597     17.3504      3.1947    -12.7258    -7.79481    -3.98273     22.2411    -3.18718    -15.8296     2.22901    0.356866     31.2991    0.461287    -8.88737     17.0437      15.584   -0.102417   -0.054601  -0.0380053  -0.0572748   -0.131949   0.0332705   0.0419843  -0.0239387 -0.00276479  -0.0503718   0.0718246   0.0108927  -0.0032826   0.0205645   -0.033681  -0.0199073   0.0586256  0.00801885  0.00910708  -0.0377145  0.00313812  0.00698112  0.00465276   0.0167472  -0.0539976   0.0151201   0.0422671   -0.036962  -0.0130426  -0.0748785  0.00649854   0.0239828  -0.0651771  -0.0431731    -4.08935   -0.482291    0.250853   -0.606899    0.967853       1.103      6.6341
Calculating residuals and partials 19207
Current residual: 20.0746
Parameter update     156.037      26.0453     -21.2632    0.0501958    -0.121875      0.10939     -0.80951    -0.419188     0.586827     0.621487     0.457968     0.329368     0.246457   -0.0614227    -0.186944    -0.544326      0.09619  -0.00251521    -0.057433    -0.121418    -0.209101    -0.146561     0.250257     0.169548     0.113595    -0.293537   -0.0391164   -0.0800646    -0.130169    -0.129038    -0.339586     0.168394     0.212862   -0.0664283    -0.125077    -0.880617    -0.301515    -0.182917     0.240113       0.8542     0.001493  0.000308755 -0.000455815 -0.000349212  0.000418665   5.3422e-05 -0.000232372  -0.00021047 -0.000167047   0.00130779 -0.000566759 -0.000149068 -0.000144251 -0.000160118   0.00100187  0.000820406 -0.000248983 -0.000166653 -0.000167533   0.00108616  0.000397638  0.000124465 -0.000126563 -0.000224888   0.00126441  7.83844e-05 -4.23619e-05  0.000116127 -0.000158757   0.00113417   -0.0007237 -0.000941112  0.000135218 -0.000885904     -1.96048     0.680943   -0.0157294    -0.225257     0.275825    -0.793533      5.71618
Calculating residuals and partials 19207
Current residual: 16.3814
Parameter update     47.4889      24.3191     -21.3734   -0.0142371   -0.0212688    0.0452376     -0.18578   -0.0837843     0.301606     0.358947     0.468151    0.0829124    0.0582044     -0.18249    -0.204495    -0.104406    -0.074218   -0.0441037   -0.0686162   -0.0717596    0.0560597    0.0329743    0.0332562   -0.0651416    -0.133673   -0.0801171    -0.150868    -0.299563    -0.309767    -0.182394    0.0220325    0.0226441    0.0544828   -0.0225285   -0.0938473    -0.469578    -0.494189    -0.337662    0.0796177     0.511587  0.000315645  0.000271471 -0.000102139 -1.97388e-05 -0.000598369  0.000550741   0.00027797  9.39946e-05  0.000123908  0.000396985  0.000324699  0.000123624  0.000145766  0.000163936  0.000218566  0.000346726  0.000259997  0.000131172  0.000220398  0.000271438  0.000399017  0.000448233  0.000235055  0.000102299  0.000369171  0.000564409  0.000422266  8.59998e-05  0.000134299  0.000268415  -0.00011869 -0.000573458  8.70174e-05 -0.000294946     -1.18789     0.528081    -0.151413   -0.0958517     0.347548    -0.923774      5.06307
Calculating residuals and partials 19207
Current residual: 16.3717
Parameter update     46.1813       23.686     -13.9894 -0.000474512   -0.0280107    0.0414056    -0.249921    -0.197141     0.116946     0.162723     0.163796   0.00718105    0.0111538    -0.179238    -0.156417    -0.134631    -0.044485   -0.0260161   -0.0440676   -0.0231465     0.012348   -0.0032938      0.04247   -0.0317359   -0.0677764   -0.0863356    -0.122841     -0.17798    -0.166544   -0.0891898    0.0361807    0.0681993      0.10083    0.0594346    0.0512139    -0.408709    -0.403074    -0.265363     0.108453     0.524679  0.000424754  0.000365472  9.73225e-06 -2.38516e-05  2.28142e-05  0.000303504  0.000120643  0.000120795  1.55938e-05  0.000393253   0.00015868  9.72289e-05  0.000102873  9.16163e-06  0.000225859   0.00031457  0.000145093  9.65623e-05  0.000110881  0.000270869  0.000336702   0.00030099  0.000106772  5.62886e-07  0.000402187  0.000567404   0.00042801  0.000134027  2.98381e-05  0.000315762 -7.00015e-05 -0.000458773  0.000139315 -0.000324013    -0.765225      0.35634    -0.118162   -0.0725918     0.312995    -0.869263      4.51745
Calculating residuals and partials 19207
Current residual: 16.3642
Parameter update     45.3721      23.7673     -11.5428  0.000413586   -0.0247211    0.0406413    -0.180793    -0.141263    0.0751937     0.108123     0.107813  -0.00405786   0.00660576    -0.120726     -0.10299    -0.108406   -0.0365714   -0.0214579   -0.0328014   -0.0170441   0.00312498   -0.0128889    0.0318854   -0.0220025   -0.0463373    -0.080236    -0.114864    -0.154542    -0.138243   -0.0738814    0.0303199    0.0579194    0.0887962    0.0637753    0.0604031    -0.367449    -0.364106    -0.239725     0.101172     0.472174  0.000352471  0.000295734 -7.66252e-07 -4.25094e-05  9.41141e-05  0.000257514  0.000102386  7.34237e-05 -1.13592e-05  0.000347682  0.000153731  7.02357e-05  6.28503e-05 -1.28672e-05  0.000205552  0.000285406  0.000127738  6.81227e-05  6.52499e-05  0.000244043  0.000304102  0.000250043  6.74647e-05 -1.46566e-05  0.000361533  0.000512005  0.000383148  0.000102018   3.0333e-06  0.000286019 -5.71509e-05 -0.000411645   0.00010655 -0.000307003    -0.506331     0.233783   -0.0720299   -0.0752035     0.286398    -0.784183       4.0342
Calculating residuals and partials 19207
Current residual: 16.3584
Parameter update     43.4816      23.1133     -9.70116  0.000945116   -0.0219939    0.0390652    -0.136818    -0.106577    0.0486842    0.0734954    0.0754846  -0.00870353   0.00520807   -0.0812297   -0.0674293   -0.0912096   -0.0315326   -0.0218324   -0.0296283   -0.0166211  -0.00303857   -0.0182598    0.0248633   -0.0134893   -0.0296532   -0.0722149    -0.104254    -0.135399    -0.117233   -0.0626678    0.0250514    0.0491167     0.078021    0.0627405     0.062157    -0.329575    -0.327406    -0.215443    0.0944331     0.425969  0.000299173  0.000246484  -6.1825e-06 -5.12827e-05   0.00012452  0.000224423  9.00565e-05  4.36941e-05  -2.6327e-05  0.000308591  0.000140216  5.61064e-05  3.96656e-05 -2.40304e-05  0.000186649  0.000258289  0.000113223  4.85126e-05  3.70593e-05  0.000219096  0.000273996  0.000211975    4.288e-05 -2.27828e-05  0.000324187   0.00045937  0.000341369  8.02918e-05 -1.18357e-05  0.000258164  -4.7419e-05 -0.000368025   8.3789e-05  -0.00028692    -0.341745     0.150917   -0.0355961    -0.079668     0.261804    -0.703903       3.6026
Calculating residuals and partials 19207
Current residual: 16.3538
Parameter update     40.8376       21.924     -8.27564   0.00120813   -0.0195967    0.0368117     -0.10683   -0.0831638    0.0317557    0.0510394    0.0554284   -0.0105134   0.00468277   -0.0548731   -0.0440553    -0.078352   -0.0277441   -0.0224142   -0.0280885   -0.0169638  -0.00662838   -0.0206814    0.0199496  -0.00741484   -0.0181262   -0.0644965   -0.0938828    -0.119721    -0.101241   -0.0541858    0.0209142    0.0420208    0.0687443    0.0596757    0.0606864    -0.295095    -0.293731    -0.193224    0.0869434     0.383127  0.000257374  0.000209299 -8.97351e-06 -5.40861e-05  0.000134628   0.00019809  8.03613e-05  2.48967e-05 -3.37306e-05  0.000274315  0.000125821  4.70478e-05  2.54446e-05 -2.90208e-05  0.000168738   0.00023292  0.000100789  3.50933e-05  1.96002e-05  0.000196239   0.00024621  0.000182671  2.74489e-05 -2.64421e-05  0.000290211  0.000411406   0.00030421  6.48678e-05 -1.96539e-05  0.000232206 -3.99342e-05 -0.000328711  6.76276e-05 -0.000264227    -0.234812    0.0962308   -0.0109026   -0.0813109      0.23884    -0.631251      3.21708
Calculating residuals and partials 19207
Current residual: 16.3501
Maximum number of iterations reached
Parameter update     37.8244      20.4457     -7.13866   0.00131514   -0.0174769    0.0341915   -0.0856261   -0.0666773    0.0208413    0.0362334    0.0421766   -0.0110013   0.00434984   -0.0373677   -0.0287499   -0.0681481    -0.024615    -0.022294   -0.0265839   -0.0169046  -0.00849042   -0.0212855    0.0164027  -0.00334941   -0.0104417   -0.0575154   -0.0843031    -0.106392   -0.0884266   -0.0473932     0.017683    0.0362936    0.0607707    0.0557176    0.0576308    -0.263958    -0.263139    -0.173075    0.0792733     0.343808  0.000223586   0.00018007 -1.02594e-05 -5.36277e-05  0.000134591  0.000175786  7.19778e-05   1.3023e-05 -3.67167e-05  0.000244151  0.000112292  4.03962e-05  1.64108e-05 -3.06811e-05  0.000152044  0.000209502  8.98938e-05  2.58559e-05  8.74433e-06  0.000175581  0.000220853  0.000159137  1.75583e-05 -2.75514e-05  0.000259603  0.000368156  0.000271284  5.35271e-05 -2.34067e-05  0.000208411 -3.40636e-05 -0.000293514  5.57589e-05 -0.000241039    -0.164348    0.0605518   0.00461366    -0.080014     0.217139    -0.565762      2.87285
Final residual: 16.3501

==============================
RUNNING CHUNK 3
Indices: [65, 66, 67, 68, 69, 70, 71, 72, 73, 74, 75, 76, 77, 78, 79, 80, 81, 82, 83, 84, 85, 86, 87, 88, 89, 90, 91, 92, 93, 94, 95, 96, 97, 98]
==============================

arc_start_times [632939003.2500185]
arc_end_times [633507779.2499747]
arc_pass_indices = [[65, 66, 67, 68, 69, 70, 71, 72, 73, 74, 75, 76, 77, 78, 79, 80, 81, 82, 83, 84, 85, 86, 87, 88, 89, 90, 91, 92, 93, 94, 95, 96, 97, 98]]
Applying Cd a-priori constraint
Cd type: per_day
Cd start index: 74
Number of Cd parameters: 7
Parameter start index, Parameter definition
0, arc-wise translational state of (FUNcube-1).
6, absolute arc-wise observation bias for observable: (OneWayDoppler) and link ends: (transmitter: (FUNcube-1); receiver: (Earth, DopTrackStation))
38, arc-wise time drift observation bias for observable: (OneWayDoppler) and link ends: (transmitter: (FUNcube-1); receiver: (Earth, DopTrackStation))
70, arc-wise drag coefficient of (FUNcube-1).

Calculating residuals and partials 18110
Current residual: 119.915
Parameter update     9642.65       7102.1      16778.6      48.3283     -28.2503      3.90753      24.3652     -4.25512      2.73587      3.37737       27.505     -22.7413      28.3897      23.2376      4.91392      26.8844       -12.12      9.74297       17.893     -40.4376     -2.62352       54.861     -50.1903     -56.7781     -27.8194     -101.375     -65.9507      4.74835      34.2465     -39.0225     -56.5379      61.9628     -28.1503     -131.371      74.1001     -61.3745     -2.46311       11.669   -0.0352891   -0.0239242    0.0313696   -0.0711467   -0.0329131 -0.000510932     -0.16265    -0.133353    0.0391455    -0.120579    0.0607929   -0.0812943    -0.136474   -0.0523558    0.0957667    -0.147439     0.113105     0.134401     0.011136  -0.00486589     0.169325   -0.0312927   -0.0937301     0.143681     0.197449    -0.270044  -0.00399328     0.431774    -0.166921     0.162475   -0.0840737    -0.130584     -8.82283     -4.81474      4.34151      2.97637     -4.44184     -8.55993      19.9311
Calculating residuals and partials 18110
Current residual: 328.194
Parameter update    5937.02    -3122.99     616.671    -6.65057     10.4372     3.82548    -14.7608    -43.3586     6.01769     9.55346    -7.32133     16.3434     11.2718    -23.7836     10.3236    -4.72667    -16.1162     30.0729     9.81709    -10.3601      14.895     2.27851    -9.56178     36.1215    -5.61691    -5.99921     15.3873    -5.23224     37.0083     2.87367    -19.5097     20.6243    -29.0582    -28.3924    -30.9067    -5.25027    -35.5708      -40.61   0.0630504    0.107242  -0.0449189  -0.0198048   0.0153652  -0.0782015  -0.0381504   0.0930457  -0.0262955  -0.0119072   0.0101955   -0.105891    -0.01929   0.0740221  -0.0354385  -0.0208825 -0.00729678   -0.105142   0.0421421   0.0610202  -0.0326583  0.00144139  -0.0982396  0.00443491   0.0532579  -0.0435462    0.128524   0.0639904   0.0534627  -0.0117833    0.121139    0.175087     2.19779     2.83644   -0.392511   -0.206798    -1.00678    -5.38192     10.1961
Calculating residuals and partials 18110
Current residual: 34.9789
Parameter update   -7903.42      2367.4    -639.258     7.02595    -11.5219    -5.41824     13.7894     43.3802     -7.5429    -12.6781     10.0448    -18.0069    -11.8041     23.1078    -10.1355     10.3446     17.6966    -31.8949    -9.73486     9.18999    -13.6176     2.54389     11.1007    -37.5511     6.54708      4.8331    -14.5098     7.85824    -39.8761   -0.266516     23.0556     -20.739     29.2946     29.9412     29.8871     4.24673     36.2672       42.88  -0.0662432   -0.107941    0.052738   0.0259962  -0.0211961   0.0853844   0.0358694  -0.0966751   0.0244023 -0.00466804 -0.00941334    0.114062   0.0141977  -0.0752467   0.0321327   0.0119088   0.0102657    0.111644  -0.0496108  -0.0614182   0.0283408 -0.00838188    0.104434  -0.0102585  -0.0565609    0.047339   -0.130513  -0.0759431  -0.0543486     0.01945   -0.119213   -0.176763    -5.35793    -2.19143    0.191983   -0.968961     4.00656   -0.930594     18.2315
Calculating residuals and partials 18110
Current residual: 39.3229
Parameter update      68.716      -132.58     -55.9589    -0.236213     0.192104    0.0296375    -0.506307    -0.864207      0.34912      0.96573     0.703079     0.203361     0.352091    -0.774565     0.339478    0.0134078    -0.344271    -0.126804    -0.689164    -0.899278     0.500172     0.170037    -0.018911     0.328255    -0.524714    -0.535241     0.120201    -0.394517    -0.545562     0.226258     0.486509     0.674424    -0.637962     -1.33152     -1.69193   -0.0599746      1.10621      1.33039 -0.000131653   0.00129391 -0.000769279   -0.0012942   0.00185288 -0.000952978  -0.00138738   0.00277041 -0.000290926  0.000207451  0.000465783  -0.00117159  0.000604467   0.00289121 -0.000360101  0.000313921  0.000288588   -0.0011619   0.00166121   0.00244329 -0.000266829  0.000184762 -0.000739468   0.00106676  0.000187564 -0.000741604   0.00319198 -0.000453061  0.000491093 -0.000762799  -0.00120123   0.00110779     -2.93915       0.5413     0.507125    -0.986476      1.73058     -3.49983      16.5511
Calculating residuals and partials 18110
Current residual: 17.881
Parameter update     59.9332      130.358     -68.7904    0.0676875    -0.195568    0.0991593     -0.35233     0.236317     0.248834     0.226628     0.214306    -0.173267    -0.181764     0.164979    -0.111799    0.0879256     0.202059    -0.519995    -0.443456   -0.0955096   -0.0610889    0.0490228     0.247684    -0.520861    -0.125213    -0.146241    -0.581959    -0.378521     -1.35778    -0.103345     0.866898  -0.00373122     0.440893     -1.36577     -1.33698    -0.781961     0.335071      1.74042  0.000274196 -0.000466032  0.000567787  0.000487041   0.00222534   0.00110825  0.000665562 -0.000870251   0.00101915    0.0013421  0.000439658   0.00151442  0.000859264 -0.000522628   0.00111821   0.00127982  0.000802911   0.00153262 -0.000233677 -0.000380351   0.00130605  0.000777114    0.0019061    0.0018904 -2.07302e-05   0.00091899  -0.00123594  -0.00025556  0.000348232   0.00176359 -0.000405478  -0.00303295     -1.80665     0.402179     0.139716    -0.655732      1.58464     -3.40677      15.4667
Calculating residuals and partials 18110
Current residual: 17.797
Parameter update     167.193      156.182     -47.8511   -0.0135677    -0.041748     0.195295    -0.482685    -0.374242    0.0647655     0.152843   -0.0708348    -0.159247    -0.243994    -0.124531    -0.105953    -0.280707    -0.203908    -0.218946    -0.321782    -0.147058    0.0585174    -0.101641   -0.0317197   -0.0824081   -0.0524596   -0.0792797    -0.325257    -0.535631    -0.724142   0.00019156     0.500463     0.401383     0.406981     -1.34201     -1.49031    -0.439372     0.608854      1.80295  0.000820397   0.00079732  7.21953e-05  6.32198e-06   0.00155456  0.000166873  0.000109143 -5.57415e-05  0.000563298   0.00141008  0.000704312  0.000155699  0.000366353   4.8433e-05   0.00055959   0.00117772  0.000891878  0.000178164 -1.87928e-05  4.06016e-05  0.000732607   0.00117095  0.000495705   0.00178542   0.00111946   0.00018706 -0.000256503  0.000447051   0.00119272  0.000975591 -6.49132e-06  -0.00185525     -1.14987     0.336373     0.117288    -0.594091      1.40851     -3.10108      14.3979
Calculating residuals and partials 18110
Current residual: 17.7257
Parameter update     164.861      156.299     -43.3577  -0.00843171   -0.0411042     0.191715    -0.377284    -0.310809    0.0145466    0.0989413    -0.110915    -0.131868    -0.173985   -0.0707229   -0.0913772    -0.247913    -0.183887    -0.192184    -0.260481     -0.11399    0.0369106     -0.11326   -0.0410566   -0.0728478   -0.0195728   -0.0567153     -0.30713    -0.501872    -0.646818  -0.00786694      0.45258     0.374695     0.389823     -1.26687     -1.40018    -0.406341     0.586664      1.69858  0.000795067  0.000779256  8.19452e-05 -3.77121e-05   0.00139237  0.000141126  2.38793e-05 -0.000125859  0.000536978   0.00133219  0.000671732    0.0001325  0.000226588 -2.71839e-05  0.000542398    0.0011202    0.0008426   0.00015403 -9.85607e-05   -2.192e-05  0.000703509    0.0011296  0.000435082   0.00168158   0.00108421  0.000149756 -0.000304917  0.000445833   0.00114147  0.000902245 -6.33416e-05  -0.00179801    -0.771606     0.207161        0.129    -0.538591      1.28055     -2.85915      13.3889
Calculating residuals and partials 18110
Current residual: 17.6641
Parameter update      157.68      149.974     -39.6001  -0.00619713    -0.038579     0.182743     -0.30919    -0.269128    -0.016413    0.0637051    -0.125029    -0.105875    -0.121501   -0.0378999   -0.0778871    -0.221034    -0.168409    -0.175996    -0.233022    -0.101247     0.023071    -0.116753   -0.0455632   -0.0627511  -0.00364404   -0.0436584    -0.285888     -0.46751    -0.586335   -0.0101525     0.414926     0.353012     0.369422     -1.18455     -1.30733    -0.374637     0.558637      1.59026    0.0007498  0.000740311  8.17442e-05 -6.30845e-05    0.0012617  0.000115143 -2.59958e-05 -0.000148588  0.000501493   0.00124045  0.000629902  0.000110912  0.000164837 -5.32626e-05  0.000513052   0.00104923  0.000785885  0.000130739 -0.000126141 -4.57313e-05  0.000660866   0.00106611  0.000385305   0.00156987   0.00102528   0.00012164 -0.000313412  0.000425121   0.00107386  0.000828932 -9.54115e-05  -0.00170501    -0.533435     0.114638     0.146371    -0.501796      1.17981     -2.64821      12.4456
Calculating residuals and partials 18110
Current residual: 17.6109
Parameter update     149.826      142.723     -36.4063  -0.00461495   -0.0362345     0.173294    -0.262315    -0.238198   -0.0344869    0.0411363    -0.129627   -0.0864426   -0.0853114   -0.0165019   -0.0683588    -0.200739    -0.155622    -0.163792    -0.214369   -0.0929435    0.0139434    -0.115693   -0.0464877   -0.0534223   0.00722071   -0.0336272    -0.266344    -0.435668    -0.538019   -0.0120738     0.381445     0.331634     0.348768     -1.10482     -1.21791    -0.346693     0.526464      1.48411  0.000704658   0.00069776  7.98305e-05 -7.62512e-05   0.00115565  9.64166e-05 -5.56378e-05 -0.000158549   0.00046843   0.00115604  0.000588626  9.57477e-05  0.000127709 -6.67108e-05  0.000483672  0.000981343  0.000732725  0.000112765 -0.000137895  -5.9135e-05  0.000619633   0.00100119  0.000347318   0.00146356  0.000964376  0.000102307 -0.000311244  0.000403194   0.00100571  0.000765116 -0.000110256  -0.00160508    -0.378997    0.0536622     0.157968    -0.472716        1.095     -2.45848      11.5671
Calculating residuals and partials 18110
Current residual: 17.5648
Maximum number of iterations reached
Parameter update     141.783      135.149     -33.6038  -0.00346531   -0.0340115     0.163773    -0.228282    -0.214003    -0.044381    0.0268504    -0.129191   -0.0721181   -0.0605378  -0.00271829   -0.0613219    -0.184434      -0.1445    -0.152993    -0.198836   -0.0861363   0.00796002    -0.112185   -0.0456382   -0.0454995    0.0145186   -0.0260614    -0.248457    -0.406295    -0.496882   -0.0135254     0.351332     0.310996     0.328379      -1.0291     -1.13334    -0.321498     0.493473      1.38273  0.000660841  0.000654944  7.64006e-05 -8.27939e-05   0.00106502  8.23371e-05 -7.32371e-05 -0.000161367  0.000437625   0.00107821  0.000549299  8.40818e-05  0.000102414 -7.35354e-05   0.00045486  0.000917222  0.000683175  9.83786e-05   -0.0001417 -6.64665e-05  0.000580437  0.000937923  0.000316169   0.00136368  0.000904624  8.78976e-05 -0.000303315  0.000381205  0.000939773  0.000708003 -0.000116212  -0.00150491    -0.277012    0.0146326     0.163019    -0.446152      1.01953     -2.28494      10.7502
Final residual: 17.5648

==============================
RUNNING CHUNK 4
Indices: [99, 100, 101, 102, 103, 104, 105, 106, 107, 108, 109, 110, 111, 112, 113, 114, 115, 116, 117, 118, 119, 120, 121, 122, 123, 124, 125, 126, 127, 128, 129, 130]
==============================

arc_start_times [633545584.0000229]
arc_end_times [634114438.4999846]
arc_pass_indices = [[99, 100, 101, 102, 103, 104, 105, 106, 107, 108, 109, 110, 111, 112, 113, 114, 115, 116, 117, 118, 119, 120, 121, 122, 123, 124, 125, 126, 127, 128, 129, 130]]
Applying Cd a-priori constraint
Cd type: per_day
Cd start index: 70
Number of Cd parameters: 7
/Users/bartroot/TUDelft/Code/DopTrack_estimate/estimate/Emre_estimate/tudART.py:922: UserWarning: Tight layout not applied. tight_layout cannot make Axes height small enough to accommodate all Axes decorations.
  fig.tight_layout()

Satellite: FUNcube-1
Arc definition: per_week
Estimate days: 28
Start time: 2020-01-08 00:00:00
End time: 2020-02-05 00:00:00
Number of matching files: 131
Selected indices: [0, 1, 2, 3, 4, 5, 6, 7, 8, 9, 10, 11, 12, 13, 14, 15, 16, 17, 18, 19, 20, 21, 22, 23, 24, 25, 26, 27, 28, 29, 30, 31, 32, 33, 34, 35, 36, 37, 38, 39, 40, 41, 42, 43, 44, 45, 46, 47, 48, 49, 50, 51, 52, 53, 54, 55, 56, 57, 58, 59, 60, 61, 62, 63, 64, 65, 66, 67, 68, 69, 70, 71, 72, 73, 74, 75, 76, 77, 78, 79, 80, 81, 82, 83, 84, 85, 86, 87, 88, 89, 90, 91, 92, 93, 94, 95, 96, 97, 98, 99, 100, 101, 102, 103, 104, 105, 106, 107, 108, 109, 110, 111, 112, 113, 114, 115, 116, 117, 118, 119, 120, 121, 122, 123, 124, 125, 126, 127, 128, 129, 130]
Chunks based on arc definition:
Chunk 1: [0, 1, 2, 3, 4, 5, 6, 7, 8, 9, 10, 11, 12, 13, 14, 15, 16, 17, 18, 19, 20, 21, 22, 23, 24, 25, 26, 27, 28, 29, 30]
Chunk 2: [31, 32, 33, 34, 35, 36, 37, 38, 39, 40, 41, 42, 43, 44, 45, 46, 47, 48, 49, 50, 51, 52, 53, 54, 55, 56, 57, 58, 59, 60, 61, 62, 63, 64]
Chunk 3: [65, 66, 67, 68, 69, 70, 71, 72, 73, 74, 75, 76, 77, 78, 79, 80, 81, 82, 83, 84, 85, 86, 87, 88, 89, 90, 91, 92, 93, 94, 95, 96, 97, 98]
Chunk 4: [99, 100, 101, 102, 103, 104, 105, 106, 107, 108, 109, 110, 111, 112, 113, 114, 115, 116, 117, 118, 119, 120, 121, 122, 123, 124, 125, 126, 127, 128, 129, 130]
Chunks: [[0, 1, 2, 3, 4, 5, 6, 7, 8, 9, 10, 11, 12, 13, 14, 15, 16, 17, 18, 19, 20, 21, 22, 23, 24, 25, 26, 27, 28, 29, 30], [31, 32, 33, 34, 35, 36, 37, 38, 39, 40, 41, 42, 43, 44, 45, 46, 47, 48, 49, 50, 51, 52, 53, 54, 55, 56, 57, 58, 59, 60, 61, 62, 63, 64], [65, 66, 67, 68, 69, 70, 71, 72, 73, 74, 75, 76, 77, 78, 79, 80, 81, 82, 83, 84, 85, 86, 87, 88, 89, 90, 91, 92, 93, 94, 95, 96, 97, 98], [99, 100, 101, 102, 103, 104, 105, 106, 107, 108, 109, 110, 111, 112, 113, 114, 115, 116, 117, 118, 119, 120, 121, 122, 123, 124, 125, 126, 127, 128, 129, 130]]
metadata = ['FUNcube-1_39444_202001080626.yml', 'FUNcube-1_39444_202001080802.yml', 'FUNcube-1_39444_202001081552.yml', 'FUNcube-1_39444_202001081726.yml', 'FUNcube-1_39444_202001081902.yml', 'FUNcube-1_39444_202001090643.yml', 'FUNcube-1_39444_202001090820.yml', 'FUNcube-1_39444_202001091610.yml', 'FUNcube-1_39444_202001091743.yml', 'FUNcube-1_39444_202001091921.yml', 'FUNcube-1_39444_202001100527.yml', 'FUNcube-1_39444_202001100702.yml', 'FUNcube-1_39444_202001101627.yml', 'FUNcube-1_39444_202001101802.yml', 'FUNcube-1_39444_202001110544.yml', 'FUNcube-1_39444_202001110720.yml', 'FUNcube-1_39444_202001110857.yml', 'FUNcube-1_39444_202001111645.yml', 'FUNcube-1_39444_202001111820.yml', 'FUNcube-1_39444_202001120602.yml', 'FUNcube-1_39444_202001120738.yml', 'FUNcube-1_39444_202001120915.yml', 'FUNcube-1_39444_202001121702.yml', 'FUNcube-1_39444_202001121838.yml', 'FUNcube-1_39444_202001130620.yml', 'FUNcube-1_39444_202001130756.yml', 'FUNcube-1_39444_202001131720.yml', 'FUNcube-1_39444_202001131857.yml', 'FUNcube-1_39444_202001140638.yml', 'FUNcube-1_39444_202001141605.yml', 'FUNcube-1_39444_202001141738.yml', 'FUNcube-1_39444_202001150521.yml', 'FUNcube-1_39444_202001150656.yml', 'FUNcube-1_39444_202001150833.yml', 'FUNcube-1_39444_202001151622.yml', 'FUNcube-1_39444_202001151756.yml', 'FUNcube-1_39444_202001151934.yml', 'FUNcube-1_39444_202001160539.yml', 'FUNcube-1_39444_202001160714.yml', 'FUNcube-1_39444_202001160851.yml', 'FUNcube-1_39444_202001161639.yml', 'FUNcube-1_39444_202001161814.yml', 'FUNcube-1_39444_202001161953.yml', 'FUNcube-1_39444_202001170557.yml', 'FUNcube-1_39444_202001170733.yml', 'FUNcube-1_39444_202001171657.yml', 'FUNcube-1_39444_202001171833.yml', 'FUNcube-1_39444_202001180614.yml', 'FUNcube-1_39444_202001180751.yml', 'FUNcube-1_39444_202001181715.yml', 'FUNcube-1_39444_202001190633.yml', 'FUNcube-1_39444_202001190809.yml', 'FUNcube-1_39444_202001191559.yml', 'FUNcube-1_39444_202001191733.yml', 'FUNcube-1_39444_202001191910.yml', 'FUNcube-1_39444_202001200651.yml', 'FUNcube-1_39444_202001200827.yml', 'FUNcube-1_39444_202001201616.yml', 'FUNcube-1_39444_202001201751.yml', 'FUNcube-1_39444_202001201928.yml', 'FUNcube-1_39444_202001210533.yml', 'FUNcube-1_39444_202001210709.yml', 'FUNcube-1_39444_202001210846.yml', 'FUNcube-1_39444_202001211634.yml', 'FUNcube-1_39444_202001211809.yml', 'FUNcube-1_39444_202001220551.yml', 'FUNcube-1_39444_202001220727.yml', 'FUNcube-1_39444_202001221651.yml', 'FUNcube-1_39444_202001221827.yml', 'FUNcube-1_39444_202001230609.yml', 'FUNcube-1_39444_202001230745.yml', 'FUNcube-1_39444_202001230922.yml', 'FUNcube-1_39444_202001231709.yml', 'FUNcube-1_39444_202001231845.yml', 'FUNcube-1_39444_202001240627.yml', 'FUNcube-1_39444_202001240803.yml', 'FUNcube-1_39444_202001241554.yml', 'FUNcube-1_39444_202001241727.yml', 'FUNcube-1_39444_202001241904.yml', 'FUNcube-1_39444_202001250510.yml', 'FUNcube-1_39444_202001250645.yml', 'FUNcube-1_39444_202001250822.yml', 'FUNcube-1_39444_202001251611.yml', 'FUNcube-1_39444_202001251745.yml', 'FUNcube-1_39444_202001260528.yml', 'FUNcube-1_39444_202001260703.yml', 'FUNcube-1_39444_202001261629.yml', 'FUNcube-1_39444_202001261803.yml', 'FUNcube-1_39444_202001261942.yml', 'FUNcube-1_39444_202001270546.yml', 'FUNcube-1_39444_202001270722.yml', 'FUNcube-1_39444_202001270858.yml', 'FUNcube-1_39444_202001271646.yml', 'FUNcube-1_39444_202001271822.yml', 'FUNcube-1_39444_202001280604.yml', 'FUNcube-1_39444_202001280740.yml', 'FUNcube-1_39444_202001280917.yml', 'FUNcube-1_39444_202001281704.yml', 'FUNcube-1_39444_202001281840.yml', 'FUNcube-1_39444_202001290622.yml', 'FUNcube-1_39444_202001290758.yml', 'FUNcube-1_39444_202001291549.yml', 'FUNcube-1_39444_202001291722.yml', 'FUNcube-1_39444_202001300640.yml', 'FUNcube-1_39444_202001301606.yml', 'FUNcube-1_39444_202001301740.yml', 'FUNcube-1_39444_202001301917.yml', 'FUNcube-1_39444_202001310522.yml', 'FUNcube-1_39444_202001310658.yml', 'FUNcube-1_39444_202001310834.yml', 'FUNcube-1_39444_202001311623.yml', 'FUNcube-1_39444_202001311758.yml', 'FUNcube-1_39444_202001311936.yml', 'FUNcube-1_39444_202002010540.yml', 'FUNcube-1_39444_202002010716.yml', 'FUNcube-1_39444_202002010853.yml', 'FUNcube-1_39444_202002011641.yml', 'FUNcube-1_39444_202002011816.yml', 'FUNcube-1_39444_202002011955.yml', 'FUNcube-1_39444_202002020558.yml', 'FUNcube-1_39444_202002020734.yml', 'FUNcube-1_39444_202002021658.yml', 'FUNcube-1_39444_202002030616.yml', 'FUNcube-1_39444_202002030752.yml', 'FUNcube-1_39444_202002031716.yml', 'FUNcube-1_39444_202002031853.yml', 'FUNcube-1_39444_202002040634.yml', 'FUNcube-1_39444_202002040810.yml', 'FUNcube-1_39444_202002041600.yml', 'FUNcube-1_39444_202002041734.yml', 'FUNcube-1_39444_202002041911.yml']
data = ['FUNcube-1_39444_202001080626.dat', 'FUNcube-1_39444_202001080802.dat', 'FUNcube-1_39444_202001081552.dat', 'FUNcube-1_39444_202001081726.dat', 'FUNcube-1_39444_202001081902.dat', 'FUNcube-1_39444_202001090643.dat', 'FUNcube-1_39444_202001090820.dat', 'FUNcube-1_39444_202001091610.dat', 'FUNcube-1_39444_202001091743.dat', 'FUNcube-1_39444_202001091921.dat', 'FUNcube-1_39444_202001100527.dat', 'FUNcube-1_39444_202001100702.dat', 'FUNcube-1_39444_202001101627.dat', 'FUNcube-1_39444_202001101802.dat', 'FUNcube-1_39444_202001110544.dat', 'FUNcube-1_39444_202001110720.dat', 'FUNcube-1_39444_202001110857.dat', 'FUNcube-1_39444_202001111645.dat', 'FUNcube-1_39444_202001111820.dat', 'FUNcube-1_39444_202001120602.dat', 'FUNcube-1_39444_202001120738.dat', 'FUNcube-1_39444_202001120915.dat', 'FUNcube-1_39444_202001121702.dat', 'FUNcube-1_39444_202001121838.dat', 'FUNcube-1_39444_202001130620.dat', 'FUNcube-1_39444_202001130756.dat', 'FUNcube-1_39444_202001131720.dat', 'FUNcube-1_39444_202001131857.dat', 'FUNcube-1_39444_202001140638.dat', 'FUNcube-1_39444_202001141605.dat', 'FUNcube-1_39444_202001141738.dat', 'FUNcube-1_39444_202001150521.dat', 'FUNcube-1_39444_202001150656.dat', 'FUNcube-1_39444_202001150833.dat', 'FUNcube-1_39444_202001151622.dat', 'FUNcube-1_39444_202001151756.dat', 'FUNcube-1_39444_202001151934.dat', 'FUNcube-1_39444_202001160539.dat', 'FUNcube-1_39444_202001160714.dat', 'FUNcube-1_39444_202001160851.dat', 'FUNcube-1_39444_202001161639.dat', 'FUNcube-1_39444_202001161814.dat', 'FUNcube-1_39444_202001161953.dat', 'FUNcube-1_39444_202001170557.dat', 'FUNcube-1_39444_202001170733.dat', 'FUNcube-1_39444_202001171657.dat', 'FUNcube-1_39444_202001171833.dat', 'FUNcube-1_39444_202001180614.dat', 'FUNcube-1_39444_202001180751.dat', 'FUNcube-1_39444_202001181715.dat', 'FUNcube-1_39444_202001190633.dat', 'FUNcube-1_39444_202001190809.dat', 'FUNcube-1_39444_202001191559.dat', 'FUNcube-1_39444_202001191733.dat', 'FUNcube-1_39444_202001191910.dat', 'FUNcube-1_39444_202001200651.dat', 'FUNcube-1_39444_202001200827.dat', 'FUNcube-1_39444_202001201616.dat', 'FUNcube-1_39444_202001201751.dat', 'FUNcube-1_39444_202001201928.dat', 'FUNcube-1_39444_202001210533.dat', 'FUNcube-1_39444_202001210709.dat', 'FUNcube-1_39444_202001210846.dat', 'FUNcube-1_39444_202001211634.dat', 'FUNcube-1_39444_202001211809.dat', 'FUNcube-1_39444_202001220551.dat', 'FUNcube-1_39444_202001220727.dat', 'FUNcube-1_39444_202001221651.dat', 'FUNcube-1_39444_202001221827.dat', 'FUNcube-1_39444_202001230609.dat', 'FUNcube-1_39444_202001230745.dat', 'FUNcube-1_39444_202001230922.dat', 'FUNcube-1_39444_202001231709.dat', 'FUNcube-1_39444_202001231845.dat', 'FUNcube-1_39444_202001240627.dat', 'FUNcube-1_39444_202001240803.dat', 'FUNcube-1_39444_202001241554.dat', 'FUNcube-1_39444_202001241727.dat', 'FUNcube-1_39444_202001241904.dat', 'FUNcube-1_39444_202001250510.dat', 'FUNcube-1_39444_202001250645.dat', 'FUNcube-1_39444_202001250822.dat', 'FUNcube-1_39444_202001251611.dat', 'FUNcube-1_39444_202001251745.dat', 'FUNcube-1_39444_202001260528.dat', 'FUNcube-1_39444_202001260703.dat', 'FUNcube-1_39444_202001261629.dat', 'FUNcube-1_39444_202001261803.dat', 'FUNcube-1_39444_202001261942.dat', 'FUNcube-1_39444_202001270546.dat', 'FUNcube-1_39444_202001270722.dat', 'FUNcube-1_39444_202001270858.dat', 'FUNcube-1_39444_202001271646.dat', 'FUNcube-1_39444_202001271822.dat', 'FUNcube-1_39444_202001280604.dat', 'FUNcube-1_39444_202001280740.dat', 'FUNcube-1_39444_202001280917.dat', 'FUNcube-1_39444_202001281704.dat', 'FUNcube-1_39444_202001281840.dat', 'FUNcube-1_39444_202001290622.dat', 'FUNcube-1_39444_202001290758.dat', 'FUNcube-1_39444_202001291549.dat', 'FUNcube-1_39444_202001291722.dat', 'FUNcube-1_39444_202001300640.dat', 'FUNcube-1_39444_202001301606.dat', 'FUNcube-1_39444_202001301740.dat', 'FUNcube-1_39444_202001301917.dat', 'FUNcube-1_39444_202001310522.dat', 'FUNcube-1_39444_202001310658.dat', 'FUNcube-1_39444_202001310834.dat', 'FUNcube-1_39444_202001311623.dat', 'FUNcube-1_39444_202001311758.dat', 'FUNcube-1_39444_202001311936.dat', 'FUNcube-1_39444_202002010540.dat', 'FUNcube-1_39444_202002010716.dat', 'FUNcube-1_39444_202002010853.dat', 'FUNcube-1_39444_202002011641.dat', 'FUNcube-1_39444_202002011816.dat', 'FUNcube-1_39444_202002011955.dat', 'FUNcube-1_39444_202002020558.dat', 'FUNcube-1_39444_202002020734.dat', 'FUNcube-1_39444_202002021658.dat', 'FUNcube-1_39444_202002030616.dat', 'FUNcube-1_39444_202002030752.dat', 'FUNcube-1_39444_202002031716.dat', 'FUNcube-1_39444_202002031853.dat', 'FUNcube-1_39444_202002040634.dat', 'FUNcube-1_39444_202002040810.dat', 'FUNcube-1_39444_202002041600.dat', 'FUNcube-1_39444_202002041734.dat', 'FUNcube-1_39444_202002041911.dat']

Starting chunk 1 in separate subprocess...
Chunk 1 completed successfully.

Starting chunk 2 in separate subprocess...
Chunk 2 completed successfully.

Starting chunk 3 in separate subprocess...
Chunk 3 completed successfully.

Starting chunk 4 in separate subprocess...
Chunk 4 completed successfully.

FAILED CHUNKS:
--------------------------------------------------------------
CHUNK 1
indices: [0, 1, 2, 3, 4, 5, 6, 7, 8, 9, 10, 11, 12, 13, 14, 15, 16, 17, 18, 19, 20, 21, 22, 23, 24, 25, 26, 27, 28, 29, 30]
size residuals current pass (603,)
size residuals current pass (556,)
size residuals current pass (342,)
size residuals current pass (611,)
size residuals current pass (612,)
size residuals current pass (611,)
size residuals current pass (584,)
size residuals current pass (418,)
size residuals current pass (602,)
size residuals current pass (522,)
size residuals current pass (503,)
size residuals current pass (573,)
size residuals current pass (511,)
size residuals current pass (645,)
size residuals current pass (611,)
size residuals current pass (612,)
size residuals current pass (527,)
size residuals current pass (290,)
size residuals current pass (666,)
size residuals current pass (647,)
size residuals current pass (606,)
size residuals current pass (486,)
size residuals current pass (630,)
size residuals current pass (666,)
size residuals current pass (619,)
size residuals current pass (615,)
size residuals current pass (712,)
size residuals current pass (581,)
size residuals current pass (658,)
size residuals current pass (360,)
size residuals current pass (645,)
CHUNK 2
indices: [31, 32, 33, 34, 35, 36, 37, 38, 39, 40, 41, 42, 43, 44, 45, 46, 47, 48, 49, 50, 51, 52, 53, 54, 55, 56, 57, 58, 59, 60, 61, 62, 63, 64]
size residuals current pass (486,)
size residuals current pass (542,)
size residuals current pass (473,)
size residuals current pass (479,)
size residuals current pass (700,)
size residuals current pass (481,)
size residuals current pass (511,)
size residuals current pass (641,)
size residuals current pass (431,)
size residuals current pass (575,)
size residuals current pass (640,)
size residuals current pass (383,)
size residuals current pass (649,)
size residuals current pass (642,)
size residuals current pass (590,)
size residuals current pass (549,)
size residuals current pass (666,)
size residuals current pass (637,)
size residuals current pass (692,)
size residuals current pass (640,)
size residuals current pass (485,)
size residuals current pass (377,)
size residuals current pass (701,)
size residuals current pass (590,)
size residuals current pass (692,)
size residuals current pass (478,)
size residuals current pass (395,)
size residuals current pass (650,)
size residuals current pass (459,)
size residuals current pass (547,)
size residuals current pass (675,)
size residuals current pass (462,)
size residuals current pass (582,)
size residuals current pass (675,)
CHUNK 3
indices: [65, 66, 67, 68, 69, 70, 71, 72, 73, 74, 75, 76, 77, 78, 79, 80, 81, 82, 83, 84, 85, 86, 87, 88, 89, 90, 91, 92, 93, 94, 95, 96, 97, 98]
size residuals current pass (559,)
size residuals current pass (670,)
size residuals current pass (600,)
size residuals current pass (645,)
size residuals current pass (432,)
size residuals current pass (591,)
size residuals current pass (397,)
size residuals current pass (650,)
size residuals current pass (587,)
size residuals current pass (644,)
size residuals current pass (530,)
size residuals current pass (318,)
size residuals current pass (647,)
size residuals current pass (509,)
size residuals current pass (416,)
size residuals current pass (709,)
size residuals current pass (503,)
size residuals current pass (469,)
size residuals current pass (644,)
size residuals current pass (492,)
size residuals current pass (732,)
size residuals current pass (528,)
size residuals current pass (606,)
size residuals current pass (505,)
size residuals current pass (558,)
size residuals current pass (670,)
size residuals current pass (419,)
size residuals current pass (574,)
size residuals current pass (665,)
size residuals current pass (700,)
size residuals current pass (690,)
size residuals current pass (389,)
size residuals current pass (621,)
size residuals current pass (538,)
CHUNK 4
indices: [99, 100, 101, 102, 103, 104, 105, 106, 107, 108, 109, 110, 111, 112, 113, 114, 115, 116, 117, 118, 119, 120, 121, 122, 123, 124, 125, 126, 127, 128, 129, 130]
size residuals current pass (565,)
size residuals current pass (583,)
size residuals current pass (302,)
size residuals current pass (701,)
size residuals current pass (546,)
size residuals current pass (419,)
size residuals current pass (565,)
size residuals current pass (516,)
size residuals current pass (407,)
size residuals current pass (589,)
size residuals current pass (626,)
size residuals current pass (543,)
size residuals current pass (558,)
size residuals current pass (498,)
size residuals current pass (624,)
size residuals current pass (727,)
size residuals current pass (558,)
size residuals current pass (604,)
size residuals current pass (676,)
size residuals current pass (362,)
size residuals current pass (616,)
size residuals current pass (653,)
size residuals current pass (665,)
size residuals current pass (634,)
size residuals current pass (545,)
size residuals current pass (677,)
size residuals current pass (616,)
size residuals current pass (677,)
size residuals current pass (628,)
size residuals current pass (378,)
size residuals current pass (572,)
size residuals current pass (480,)
Mean residual: -5.4761969696687523e-05
Std residual: 16.770072895585358
ORBIT VALIDATION FOR EACH CHUNK
========== CHUNK 1 ==========
ALL ESTIMATED PARAMETERS
[ 1.41822894e+04 -9.70302619e+05  6.90337411e+06 -7.13238974e+03
 -2.51929897e+03 -3.20017520e+02 -1.23698386e+01 -3.15561030e+01
 -2.29260523e+01  2.47184690e+00  2.48980937e+00  1.68388611e+01
 -5.00003151e+01 -1.77426841e+01  1.64834405e+01 -1.64619326e+01
 -1.79788159e+01  1.40550542e+01 -1.64808755e+01  2.33273206e+01
 -3.23404458e+01 -7.63232873e+00 -6.11736846e+01  7.71565086e+00
  2.67268660e+01 -3.73625384e+01 -9.66886573e+00 -6.62686886e+01
 -4.69703416e+00  2.07461384e+01 -2.07659860e+01 -5.42214233e+01
  1.55382217e+01  2.26820575e+00 -3.26255499e+01 -1.67237330e+01
  3.16963246e+01  8.69316147e-02  8.80751212e-02  1.24262950e-01
 -3.19728764e-02 -7.51132932e-02  1.86362440e-02  1.48388425e-01
  9.26720824e-02 -9.89801123e-02 -6.16940637e-02  1.46233286e-01
 -9.17185372e-03  3.82280962e-02 -1.17336856e-01  1.46036281e-01
  5.09610841e-02  1.91814378e-01  4.35510994e-02 -1.39940891e-01
  1.52968591e-01  4.72887569e-02  2.02913641e-01 -3.77986488e-03
 -1.29948252e-01  1.24525093e-01  1.39922745e-01 -4.22198389e-02
 -1.28323479e-01  1.22977856e-01  6.48988837e-02 -1.25442578e-01
 -4.01960156e+01  1.05852659e+01  8.23723675e+00 -1.07748895e+01
  7.18810663e+00  1.73240055e-01  2.30898078e+01]
-------------ARC # 1 ---------------
INITIAL STATE from TLE
[ 2.66127849e+04 -9.69419598e+05  6.88741383e+06 -7.13056892e+03
 -2.57616524e+03 -3.16397508e+02]
UPDATED STATE from DOPTRACK
[ 1.41822894e+04 -9.70302619e+05  6.90337411e+06 -7.13238974e+03
 -2.51929897e+03 -3.20017520e+02]
Distance [km] between TLE initial state and estimated state:  20.249136936954848
-------------Estimated state---------------
Semi-major axis = 			 6988.658664567964 	 km
Eccentricity = 				 0.0035589952984673564
Inclination = 				 97.57362348185326 	 deg
Argument of Perigee = 			 46.87857270643859 	 deg
Right Ascension of Ascending Node = 	 19.776507890713805 	 deg
True anomaly = 				 45.71090959297722 	 deg
True longitude = 			 92.5894822994158 	 deg
Altitude = 				 617.2986645679639 	 km
---------------TLE state----------------
Semi-major axis = 			 6988.684692884616 	 km
Eccentricity = 				 0.005354364026053072
Inclination = 				 97.60079354490821 	 deg
Argument of Perigee = 			 65.37371771650773 	 deg
Right Ascension of Ascending Node = 	 20.18308232012043 	 deg
True anomaly = 				 27.176607832424146 	 deg
True longitude = 			 92.55032554893188 	 deg
Altitude = 				 617.3246928846165 	 km
========== CHUNK 2 ==========
ALL ESTIMATED PARAMETERS
[-2.76348856e+05  8.95193977e+05 -6.95870455e+06  6.74306349e+03
  3.31637246e+03  1.91599552e+02 -4.07284777e+01 -3.11689530e+00
 -4.98468379e+01  1.13308050e+01  3.36527099e+01 -2.00986510e+01
 -1.25618443e+01 -4.01716669e+00 -6.91950522e+01  2.89605842e+00
  2.01080253e+01 -5.10219314e+01 -4.30301388e+01 -3.41601987e+01
 -1.54772282e+00  3.49050770e+01 -5.28036398e+01 -5.48814072e+01
  1.93817673e+01 -3.16936660e+01 -7.55764377e+01  1.14205491e+01
  2.76891157e+01  2.34418487e+01 -4.41966003e+01 -7.74110226e+01
 -8.37492894e+00  4.99582139e+01 -2.44585873e+00 -5.66686138e+01
 -3.48847216e+01 -8.86139762e+01  1.00063721e+01  5.06140405e+01
  1.90518886e-01  4.66423023e-03  1.54917138e-01 -1.53230145e-02
 -1.44985583e-01 -4.28411726e-02  1.51674221e-01  3.71544393e-02
  1.89986619e-01 -5.36750139e-02 -1.45258532e-01 -7.08990530e-02
  1.71903822e-01  1.19454038e-01 -6.49091098e-02 -2.10282873e-01
  1.74046902e-01  1.43699313e-01 -1.12892249e-01  1.41753132e-01
  2.40711772e-01 -3.57413128e-02 -1.61692798e-01 -1.70508858e-01
  1.57997835e-01  2.18190276e-01 -3.51451525e-02 -2.35976909e-01
 -1.52628012e-01  2.41674941e-01  1.23931421e-01  2.34028610e-01
 -8.81435262e-02 -2.13740261e-01 -6.58772626e+01  2.65605069e+01
 -1.28874987e+01  1.58156738e+01 -1.14438031e+01 -9.37726206e+00
  1.02038974e+02]
-------------ARC # 1 ---------------
INITIAL STATE from TLE
[-2.86432020e+05  8.99664774e+05 -6.97435522e+06  6.70404246e+03
  3.35546217e+03  1.89370610e+02]
UPDATED STATE from DOPTRACK
[-2.76348856e+05  8.95193977e+05 -6.95870455e+06  6.74306349e+03
  3.31637246e+03  1.91599552e+02]
Distance [km] between TLE initial state and estimated state:  19.146846872890677
-------------Estimated state---------------
Semi-major axis = 			 6988.900755442894 	 km
Eccentricity = 				 0.006355376363437543
Inclination = 				 97.56978577963649 	 deg
Argument of Perigee = 			 48.66952799973142 	 deg
Right Ascension of Ascending Node = 	 26.383016407478305 	 deg
True anomaly = 				 222.5564654245112 	 deg
True longitude = 			 271.22599342424263 	 deg
Altitude = 				 617.5407554428939 	 km
---------------TLE state----------------
Semi-major axis = 			 6989.042638474775 	 km
Eccentricity = 				 0.008169321254261007
Inclination = 				 97.6132620807674 	 deg
Argument of Perigee = 			 60.44001542933514 	 deg
Right Ascension of Ascending Node = 	 26.782023109331973 	 deg
True anomaly = 				 210.77862175238474 	 deg
True longitude = 			 271.2186371817199 	 deg
Altitude = 				 617.6826384747756 	 km
========== CHUNK 3 ==========
ALL ESTIMATED PARAMETERS
[-4.23499021e+05  8.30327044e+05 -6.94598511e+06  6.32161640e+03
  4.09075313e+03  1.44401480e+02 -3.10950807e+01 -3.40547316e+01
  2.29867054e+01  3.72112535e+01  2.25323659e+01 -5.36260262e+01
 -8.11257807e+01  3.47597257e+01  2.54732060e+01  1.09592702e+01
 -5.66389540e+01 -1.29385724e+01  3.07999418e+01 -6.26332765e+00
  8.77643506e+00  6.13847047e+00 -4.85115137e+01  1.45991479e+00
  5.39240368e+01 -4.55903263e+01 -3.63728887e+01  7.29535498e+00
  7.07968100e+01 -9.56649910e+00 -5.83093350e+01 -6.69225244e+01
 -1.00275314e+02  3.59769524e+01  5.06798067e+01 -5.38594439e+01
 -5.84117022e+01 -7.33119694e+01  1.40379892e+01  4.31279959e+01
  1.50869751e-01  1.08563479e-01 -1.13611229e-01 -1.80985919e-01
  4.95016504e-02  2.00534703e-01  2.56629703e-01 -1.86039283e-01
 -1.98412140e-01  5.45375407e-02  1.34912244e-01 -2.00196330e-02
 -1.70354047e-01 -9.57833715e-02  7.37323738e-02  1.28414066e-03
  1.13450257e-01 -7.48931590e-02 -2.37465781e-01  2.12946844e-01
  1.20639826e-01 -1.24615163e-01 -2.95280031e-01 -1.97455157e-01
  2.16033899e-01  1.91645616e-01  2.88473003e-01 -1.33876264e-01
 -2.33976148e-01  1.83196518e-01  1.54156552e-01  2.20364054e-01
 -9.32034197e-02 -1.87448502e-01 -7.16405690e+00 -1.90506462e+00
 -2.10985920e+00  3.16840108e+00  9.29212942e+00 -1.25897621e+01
  4.40453990e+01]
-------------ARC # 1 ---------------
INITIAL STATE from TLE
[-4.34750172e+05  8.29497184e+05 -6.96175114e+06  6.28112644e+03
  4.12109451e+03  1.39940554e+02]
UPDATED STATE from DOPTRACK
[-4.23499021e+05  8.30327044e+05 -6.94598511e+06  6.32161640e+03
  4.09075313e+03  1.44401480e+02]
Distance [km] between TLE initial state and estimated state:  19.386711216770394
-------------Estimated state---------------
Semi-major axis = 			 6988.833248628796 	 km
Eccentricity = 				 0.0060477742717940505
Inclination = 				 97.60114425782844 	 deg
Argument of Perigee = 			 28.448344977717028 	 deg
Right Ascension of Ascending Node = 	 33.05376258003566 	 deg
True anomaly = 				 242.35224195847692 	 deg
True longitude = 			 270.80058693619395 	 deg
Altitude = 				 617.4732486287967 	 km
---------------TLE state----------------
Semi-major axis = 			 6988.857239550293 	 km
Eccentricity = 				 0.007444506155122079
Inclination = 				 97.62352870612074 	 deg
Argument of Perigee = 			 44.25736993499598 	 deg
Right Ascension of Ascending Node = 	 33.41203795018753 	 deg
True anomaly = 				 226.50829534191027 	 deg
True longitude = 			 270.76566527690625 	 deg
Altitude = 				 617.4972395502937 	 km
========== CHUNK 4 ==========
ALL ESTIMATED PARAMETERS
[-7.98294989e+05  5.44282125e+05 -6.92685024e+06  5.78777768e+03
  4.83664401e+03 -2.42743213e+02  2.08754081e+01 -6.26778879e+00
  1.79264642e+00  1.82854442e+00  3.05801883e+01 -2.49302008e+01
  2.73424763e+01  2.16997970e+01  4.92481860e+00  3.14688413e+01
 -1.15381078e+01  6.37023232e+00  1.56141661e+01 -4.31438480e+01
 -7.66615779e-01  5.93429438e+01 -4.86330373e+01 -5.87172862e+01
 -2.75931167e+01 -1.03461568e+02 -6.69679957e+01  4.25434042e+00
  2.64831678e+01 -3.63358774e+01 -4.95378615e+01  6.42905137e+01
 -2.62675986e+01 -1.38447214e+02  6.35025288e+01 -6.51085451e+01
  2.44867726e+00  2.49684186e+01 -3.46085921e-02 -2.01263932e-02
  3.93793046e-02 -6.60160530e-02 -2.82364871e-02  7.42913149e-03
 -1.65674417e-01 -1.35732022e-01  4.04883650e-02 -1.29387591e-01
  6.56243818e-02 -7.22017276e-02 -1.39115064e-01 -5.13841191e-02
  9.57725246e-02 -1.49572933e-01  1.21101479e-01  1.41948147e-01
  4.57173689e-03 -3.35364319e-03  1.69343351e-01 -3.19655449e-02
 -8.43895885e-02  1.48678977e-01  1.99410805e-01 -2.65425050e-01
 -5.51551083e-03  4.21215198e-01 -1.61614182e-01  1.75322605e-01
 -8.41459123e-02 -1.42653417e-01 -1.86396916e+01 -1.29978139e+00
  6.70146796e+00 -1.19494083e+00  9.05654338e+00 -3.39309040e+01
  1.44126163e+02]
-------------ARC # 1 ---------------
INITIAL STATE from TLE
[-8.06881245e+05  5.37197510e+05 -6.94328068e+06  5.73927884e+03
  4.86617413e+03 -2.46093603e+02]
UPDATED STATE from DOPTRACK
[-7.98294989e+05  5.44282125e+05 -6.92685024e+06  5.78777768e+03
  4.83664401e+03 -2.42743213e+02]
Distance [km] between TLE initial state and estimated state:  19.846285379190725
-------------Estimated state---------------
Semi-major axis = 			 6988.748748728452 	 km
Eccentricity = 				 0.00585219152086986
Inclination = 				 97.6338347689865 	 deg
Argument of Perigee = 			 5.389272009482522 	 deg
Right Ascension of Ascending Node = 	 39.63718511544382 	 deg
True anomaly = 				 262.41831113706525 	 deg
True longitude = 			 267.80758314654776 	 deg
Altitude = 				 617.3887487284519 	 km
---------------TLE state----------------
Semi-major axis = 			 6988.846469149846 	 km
Eccentricity = 				 0.00661710282340603
Inclination = 				 97.63195389887788 	 deg
Argument of Perigee = 			 26.19632859594676 	 deg
Right Ascension of Ascending Node = 	 40.04258632054698 	 deg
True anomaly = 				 241.5792231035633 	 deg
True longitude = 			 267.77555169951006 	 deg
Altitude = 				 617.486469149846 	 km
----------------------------------------
BIASES ESTIMATES
ABSOLUTE CONSTANT BIASES ESTIMATES
[  20.87540809   -6.26778879    1.79264642    1.82854442   30.58018828
  -24.93020082   27.34247626   21.69979696    4.9248186    31.46884129
  -11.53810784    6.37023232   15.61416613  -43.143848     -0.76661578
   59.34294378  -48.63303734  -58.71728616  -27.59311675 -103.46156778
  -66.96799572    4.25434042   26.48316783  -36.33587741  -49.53786154
   64.29051374  -26.26759858 -138.44721366   63.50252877  -65.10854509
    2.44867726   24.96841857]
LINEAR CONSTANT BIASES ESTIMATES
[-0.03460859 -0.02012639  0.0393793  -0.06601605 -0.02823649  0.00742913
 -0.16567442 -0.13573202  0.04048836 -0.12938759  0.06562438 -0.07220173
 -0.13911506 -0.05138412  0.09577252 -0.14957293  0.12110148  0.14194815
  0.00457174 -0.00335364  0.16934335 -0.03196554 -0.08438959  0.14867898
  0.19941081 -0.26542505 -0.00551551  0.4212152  -0.16161418  0.17532261
 -0.08414591 -0.14265342]
ARC 1 Excel saved at: /Users/bartroot/TUDelft/Code/DopTrack_estimate/estimate/Emre_estimate/results_FUNcube-1_per_week_20260622_223852/CHUNK_1/ARC_1/comparison_results_arc_1.xlsx
ARC 1 Excel saved at: /Users/bartroot/TUDelft/Code/DopTrack_estimate/estimate/Emre_estimate/results_FUNcube-1_per_week_20260622_223852/CHUNK_2/ARC_1/comparison_results_arc_1.xlsx
ARC 1 Excel saved at: /Users/bartroot/TUDelft/Code/DopTrack_estimate/estimate/Emre_estimate/results_FUNcube-1_per_week_20260622_223852/CHUNK_3/ARC_1/comparison_results_arc_1.xlsx
ARC 1 Excel saved at: /Users/bartroot/TUDelft/Code/DopTrack_estimate/estimate/Emre_estimate/results_FUNcube-1_per_week_20260622_223852/CHUNK_4/ARC_1/comparison_results_arc_1.xlsx

Combined Excel file saved at:
/Users/bartroot/TUDelft/Code/DopTrack_estimate/estimate/Emre_estimate/results_FUNcube-1_per_week_20260622_223852/comparison_results_all_chunks.xlsx

Results folder:
/Users/bartroot/TUDelft/Code/DopTrack_estimate/estimate/Emre_estimate/results_FUNcube-1_per_week_20260622_223852
Word ARC summary saved at:
/Users/bartroot/TUDelft/Code/DopTrack_estimate/estimate/Emre_estimate/results_FUNcube-1_per_week_20260622_223852/arc_results_summary_all_chunks.docx
